(1.8,1.4) (1,-69.0) (1,-75.0) (2,-48.0) (2,-60.0) (3,-75.0) (3,-78.0) (4,-65.0) (4,-81.0) (5,-75.0) (5,-75.0) (8,-69.0) (8,-78.0) (9,-78.0) (9,-87.0)
(1.8,2.4) (1,-65.0) (1,-76.0) (2,-44.0) (2,-58.0) (3,-74.0) (3,-65.0) (4,-68.0) (4,-71.0) (5,-66.0) (5,-75.0) (8,-83.0) (8,-77.0) (9,-76.0) (9,-74.0)
(1.8,3.4) (1,-73.0) (1,-72.0) (2,-56.0) (2,-74.0) (3,-62.0) (3,-65.0) (4,-74.0) (4,-76.0) (5,-73.0) (5,-70.0) (8,-80.0) (8,-85.0) (9,-72.0) (9,-69.0)
(1.8,4.4) (1,-69.0) (1,-77.0) (2,-70.0) (2,-74.0) (3,-74.0) (3,-78.0) (4,-52.0) (4,-58.0) (5,-72.0) (5,-74.0) (8,-75.0) (8,-70.0) (9,-84.0) (9,-70.0)
(1.8,5.4) (1,-63.0) (1,-77.0) (2,-64.0) (2,-79.0) (3,-64.0) (3,-88.0) (4,-52.0) (4,-67.0) (5,-66.0) (5,-78.0) (8,-74.0) (8,-77.0) (9,-72.0) (9,-77.0)
(1.8,6.4) (1,-81.0) (1,-81.0) (2,-69.0) (2,-69.0) (3,-77.0) (3,-72.0) (4,-57.0) (4,-66.0) (5,-60.0) (5,-84.0) (8,-82.0) (8,-76.0) (9,-74.0) (9,-72.0)
(1.8,7.4) (1,-64.0) (1,-83.0) (2,-75.0) (2,-80.0) (3,-62.0) (3,-70.0) (4,-71.0) (4,-80.0) (5,-78.0) (5,-85.0) (8,-66.0) (8,-96.0) (9,-78.0) (9,-77.0)
(1.8,8.4) (1,-66.0) (1,-85.0) (2,-71.0) (2,-76.0) (3,-58.0) (3,-76.0) (4,-64.0) (4,-81.0) (5,-69.0) (5,-78.0) (8,-66.0) (8,-73.0) (9,-74.0) (9,-86.0)
(1.8,9.4) (1,-73.0) (1,-83.0) (2,-75.0) (2,-93.0) (3,-78.0) (3,-82.0) (4,-62.0) (4,-91.0) (5,-67.0) (5,-76.0) (8,-62.0) (8,-78.0) (9,-80.0) (9,-95.0)
(1.8,10.4) (1,-65.0) (1,-80.0) (2,-70.0) (2,-77.0) (3,-71.0) (3,-75.0) (4,-67.0) (4,-83.0) (5,-67.0) (5,-80.0) (8,-47.0) (8,-59.0) (9,-68.0) (9,-76.0)
(1.8,11.4) (1,-76.0) (1,-82.0) (2,-74.0) (2,-76.0) (3,-77.0) (3,-76.0) (4,-82.0) (4,-73.0) (5,-67.0) (5,-78.0) (8,-60.0) (8,-74.0) (9,-76.0) (9,-77.0)
(3.0,1.4) (1,-58.0) (1,-59.0) (2,-58.0) (2,-56.0) (3,-78.0) (3,-69.0) (4,-71.0) (4,-70.0) (5,-69.0) (5,-87.0) (8,-70.0) (8,-74.0) (9,-67.0) (9,-65.0)
(3.0,2.4) (1,-78.0) (1,-69.0) (2,-61.0) (2,-78.0) (3,-67.0) (3,-65.0) (4,-70.0) (4,-70.0) (5,-80.0) (5,-70.0) (8,-74.0) (8,-74.0) (9,-70.0) (9,-66.0)
(3.0,3.4) (1,-64.0) (1,-74.0) (2,-57.0) (2,-66.0) (3,-60.0) (3,-62.0) (4,-65.0) (4,-67.0) (5,-67.0) (5,-73.0) (8,-67.0) (8,-80.0) (9,-74.0) (9,-72.0)
(3.0,4.4) (1,-59.0) (1,-77.0) (2,-64.0) (2,-78.0) (3,-54.0) (3,-82.0) (4,-56.0) (4,-60.0) (5,-74.0) (5,-83.0) (8,-74.0) (8,-73.0) (9,-75.0) (9,-71.0)
(3.0,5.4) (1,-64.0) (1,-82.0) (2,-63.0) (2,-77.0) (3,-64.0) (3,-73.0) (4,-51.0) (4,-64.0) (5,-67.0) (5,-90.0) (8,-74.0) (8,-70.0) (9,-78.0) (9,-74.0)
(3.0,6.4) (1,-68.0) (1,-77.0) (2,-71.0) (2,-86.0) (3,-54.0) (3,-67.0) (4,-59.0) (4,-78.0) (5,-66.0) (5,-67.0) (8,-62.0) (8,-70.0) (9,-76.0) (9,-73.0)
(3.0,7.4) (1,-64.0) (1,-80.0) (2,-67.0) (2,-87.0) (3,-62.0) (3,-67.0) (4,-56.0) (4,-66.0) (5,-54.0) (5,-61.0) (8,-72.0) (8,-79.0) (9,-77.0) (9,-85.0)
(3.0,8.4) (1,-69.0) (1,-90.0) (2,-66.0) (2,-82.0) (3,-69.0) (3,-78.0) (4,-78.0) (4,-77.0) (5,-57.0) (5,-57.0) (8,-70.0) (8,-62.0) (9,-74.0) (9,-75.0)
(3.0,9.4) (1,-70.0) (1,-92.0) (2,-67.0) (2,-82.0) (3,-79.0) (3,-77.0) (4,-58.0) (4,-74.0) (5,-58.0) (5,-73.0) (8,-71.0) (8,-60.0) (9,-64.0) (9,-76.0)
(3.0,10.4) (1,-70.0) (1,-84.0) (2,-76.0) (2,-80.0) (3,-74.0) (3,-87.0) (4,-70.0) (4,-76.0) (5,-69.0) (5,-62.0) (8,-54.0) (8,-56.0) (9,-64.0) (9,-77.0)
(3.0,11.4) (1,-65.0) (1,-81.0) (2,-78.0) (2,-74.0) (3,-73.0) (3,-77.0) (4,-77.0) (4,-72.0) (5,-68.0) (5,-71.0) (8,-54.0) (8,-67.0) (9,-76.0) (9,-78.0)
(4.2,1.4) (1,-55.0) (1,-56.0) (2,-68.0) (2,-76.0) (3,-68.0) (3,-79.0) (4,-69.0) (4,-71.0) (5,-75.0) (5,-79.0) (8,-83.0) (8,-83.0) (9,-73.0) (9,-69.0)
(4.2,2.4) (1,-63.0) (1,-60.0) (2,-68.0) (2,-69.0) (3,-69.0) (3,-63.0) (4,-61.0) (4,-77.0) (5,-68.0) (5,-84.0) (8,-69.0) (8,-78.0) (9,-79.0) (9,-82.0)
(4.2,3.4) (1,-55.0) (1,-66.0) (2,-57.0) (2,-71.0) (3,-56.0) (3,-80.0) (4,-61.0) (4,-68.0) (5,-73.0) (5,-85.0) (8,-69.0) (8,-76.0) (9,-72.0) (9,-74.0)
(4.2,4.4) (1,-66.0) (1,-66.0) (2,-78.0) (2,-71.0) (3,-45.0) (3,-63.0) (4,-58.0) (4,-68.0) (5,-78.0) (5,-85.0) (8,-71.0) (8,-76.0) (9,-63.0) (9,-74.0)
(4.2,5.4) (1,-76.0) (1,-79.0) (2,-68.0) (2,-74.0) (3,-53.0) (3,-56.0) (4,-65.0) (4,-65.0) (5,-69.0) (5,-72.0) (8,-70.0) (8,-81.0) (9,-93.0) (9,-74.0)
(4.2,6.4) (1,-76.0) (1,-79.0) (2,-58.0) (2,-74.0) (3,-47.0) (3,-56.0) (4,-61.0) (4,-65.0) (5,-62.0) (5,-72.0) (8,-74.0) (8,-81.0) (9,-66.0) (9,-74.0)
(4.2,7.4) (1,-71.0) (1,-79.0) (2,-64.0) (2,-74.0) (3,-72.0) (3,-56.0) (4,-54.0) (4,-65.0) (5,-55.0) (5,-60.0) (8,-70.0) (8,-70.0) (9,-68.0) (9,-69.0)
(4.2,8.4) (1,-68.0) (1,-82.0) (2,-65.0) (2,-85.0) (3,-58.0) (3,-80.0) (4,-70.0) (4,-77.0) (5,-57.0) (5,-62.0) (8,-74.0) (8,-70.0) (9,-75.0) (9,-66.0)
(4.2,9.4) (1,-71.0) (1,-81.0) (2,-71.0) (2,-82.0) (3,-69.0) (3,-89.0) (4,-58.0) (4,-74.0) (5,-52.0) (5,-67.0) (8,-70.0) (8,-64.0) (9,-72.0) (9,-76.0)
(4.2,10.4) (1,-71.0) (1,-81.0) (2,-75.0) (2,-78.0) (3,-80.0) (3,-76.0) (4,-68.0) (4,-72.0) (5,-81.0) (5,-71.0) (8,-60.0) (8,-69.0) (9,-70.0) (9,-76.0)
(4.2,11.4) (1,-79.0) (1,-83.0) (2,-77.0) (2,-85.0) (3,-72.0) (3,-79.0) (4,-72.0) (4,-78.0) (5,-75.0) (5,-74.0) (8,-64.0) (8,-76.0) (9,-69.0) (9,-72.0)
(5.4,1.4) (1,-54.0) (1,-60.0) (2,-67.0) (2,-77.0) (3,-76.0) (3,-73.0) (4,-75.0) (4,-70.0) (5,-71.0) (5,-73.0) (8,-75.0) (8,-77.0) (9,-74.0) (9,-82.0)
(5.4,2.4) (1,-52.0) (1,-65.0) (2,-68.0) (2,-74.0) (3,-62.0) (3,-66.0) (4,-69.0) (4,-73.0) (5,-76.0) (5,-76.0) (8,-79.0) (8,-76.0) (9,-72.0) (9,-77.0)
(5.4,3.4) (1,-57.0) (1,-70.0) (2,-75.0) (2,-75.0) (3,-59.0) (3,-57.0) (4,-64.0) (4,-81.0) (5,-69.0) (5,-71.0) (8,-74.0) (8,-74.0) (9,-70.0) (9,-79.0)
(5.4,4.4) (1,-71.0) (1,-71.0) (2,-62.0) (2,-73.0) (3,-53.0) (3,-60.0) (4,-67.0) (4,-72.0) (5,-78.0) (5,-70.0) (8,-73.0) (8,-82.0) (9,-73.0) (9,-82.0)
(5.4,5.4) (1,-62.0) (1,-74.0) (2,-67.0) (2,-72.0) (3,-54.0) (3,-56.0) (4,-74.0) (4,-74.0) (5,-65.0) (5,-74.0) (8,-68.0) (8,-75.0) (9,-69.0) (9,-74.0)
(5.4,6.4) (1,-67.0) (1,-86.0) (2,-76.0) (2,-76.0) (3,-64.0) (3,-65.0) (4,-66.0) (4,-76.0) (5,-61.0) (5,-64.0) (8,-67.0) (8,-72.0) (9,-63.0) (9,-62.0)
(5.4,7.4) (1,-68.0) (1,-66.0) (2,-66.0) (2,-70.0) (3,-70.0) (3,-67.0) (4,-62.0) (4,-73.0) (5,-54.0) (5,-58.0) (8,-68.0) (8,-74.0) (9,-64.0) (9,-69.0)
(5.4,8.4) (1,-88.0) (1,-72.0) (2,-85.0) (2,-82.0) (3,-72.0) (3,-71.0) (4,-86.0) (4,-60.0) (5,-56.0) (5,-61.0) (8,-73.0) (8,-73.0) (9,-78.0) (9,-63.0)
(5.4,9.4) (1,-73.0) (1,-82.0) (2,-76.0) (2,-92.0) (3,-79.0) (3,-79.0) (4,-74.0) (4,-68.0) (5,-69.0) (5,-60.0) (8,-69.0) (8,-73.0) (9,-72.0) (9,-75.0)
(5.4,10.4) (1,-79.0) (1,-77.0) (2,-68.0) (2,-73.0) (3,-68.0) (3,-69.0) (4,-66.0) (4,-74.0) (5,-63.0) (5,-67.0) (8,-69.0) (8,-72.0) (9,-73.0) (9,-76.0)
(5.4,11.4) (1,-87.0) (1,-80.0) (2,-71.0) (2,-77.0) (3,-74.0) (3,-72.0) (4,-71.0) (4,-74.0) (5,-78.0) (5,-77.0) (8,-62.0) (8,-64.0) (9,-66.0) (9,-76.0)
(6.6,4.0) (1,-61.0) (1,-61.0) (2,-63.0) (2,-64.0) (3,-72.0) (3,-50.0) (4,-68.0) (4,-65.0) (5,-63.0) (5,-63.0) (8,-76.0) (8,-73.0) (9,-64.0) (9,-74.0)
(6.6,6) (1,-67.0) (1,-69.0) (2,-66.0) (2,-60.0) (3,-61.0) (3,-68.0) (4,-59.0) (4,-68.0) (5,-64.0) (5,-63.0) (8,-57.0) (8,-74.0) (9,-63.0) (9,-67.0)
(0.549,2.295) (5,-68.67) (5,-70.67) (5,-75.0) (3,-76.67) (3,-77.0) (3,-78.5) (1,-72.33) (1,-72.67) (1,-71.25) (2,-65.67) (2,-69.67) (2,-70.75) (4,-72.33) (4,-67.67) (4,-77.5) (8,-83.0) (8,-78.0) (8,-78.75)
(3.03,4.08) (5,-77.0) (5,-84.0) (5,-76.5) (3,-77.0) (3,-69.0) (3,-72.0) (2,-71.0) (2,-71.67) (2,-72.0) (4,72.0) (4,-76.67) (4,-71.75) (8,-76.33) (8,-76.67) (8,-72.75) (1,-77.33) (1,-72.5)
(5.269,5.533) (5,-60.0) (5,-64.25) (5,-66.0) (3,-68.5) (3,-69.0) (3,-65.25) (1,-71.5) (1,-72.0) (1,-74.0) (2,-79.75) (2,-77.75) (2,-79.5) (4,-71.25) (4,-76.75) (4,-77.0) (8,-82.0) (8,-73.75) (8,-73.5)
(2.379,7.052) (5,-74.5) (5,-74.5) (5,-71.75) (3,-67.5) (3,-67.0) (3,-68.25) (1,-73.0) (1,-79.5) (1,-76.25) (2,-76.25) (2,-75.5) (2,-76.5) (4,-71.25) (4,-71.5) (4,-73.75) (8,-76.5) (8,-74.0) (8,-76.0)
(1.836,9.366) (5,-74.75) (5,-75.75) (5,-75.5) (3,-85.25) (3,-90.25) (3,-80.75) (1,-75.0) (1,-77.0) (1,-79.5) (2,-82.5) (2,-82.0) (2,-76.25) (4,-80.75) (4,-81.75) (4,-76.5) (8,-75.0) (8,-76.25) (8,-75.5)
(5.267,8.958) (5,-64.0) (5,-66.75) (5,-68.25) (3,-77.25) (3,-79.0) (3,-77.0) (1,-77.25) (1,-82.5) (1,-78.0) (2,-81.5) (2,-85.0) (2,-84.25) (4,-79.5) (4,-75.0) (4,-72.5) (8,-70.5) (8,-74.5) (8,-72.5)
(1.795,10.291) (5,-73.5) (5,-73.75) (5,-71.5) (3,-84.0) (3,-80.0) (3,-78.75) (1,-84.0) (1,-80.75) (1,-81.0) (2,-76.0) (2,-73.5) (2,-75.75) (4,-79.75) (4,-77.5) (4,-79.75) (8,-59.0) (8,-69.5) (8,-70.0)
(2.764,0.828) (5,-88.0) (5,-83.75) (5,-84.2) (3,-80.75) (3,-84.75) (3,-75.0) (1,-66.75) (1,-70.5) (1,-68.6) (2,-71.25) (2,-75.5) (2,-71.4) (4,-79.75) (4,-81.25) (4,-78.6) (8,-81.5) (8,-82.0) (8,-80.2)
(2.675,5.464) (5,-77.75) (5,-77.25) (5,-70.67) (3,-62.25) (3,-64.75) (3,-65.0) (1,-87.25) (1,-79.2) (1,-76.0) (2,-72.5) (2,-74.0) (2,-70.0) (4,-66.25) (4,-66.0) (4,-63.33) (8,-79.25) (8,-82.0) (8,-74.83)
(3.70,7.40) (2,-80.0) (3,-79.0) (5,-57.0) (8,-77.0)
(2.47,4.01) (2,-73.0) (3,-75.0) (5,-82.0) (8,-75.0)
(4.52,3.59) (2,-70.0) (3,-71.0) (5,-84.0) (8,-87.0)
(2.68,8.96) (2,-85.0) (3,-86.0) (5,-75.0) (8,-68.0)
(4.98,8.05) (2,-82.0) (3,-78.0) (5,-61.0) (8,-74.0)
(2.75,6.37) (2,-79.0) (3,-75.0) (5,-69.0) (8,-83.0)
(0.97,6.59) (2,-78.0) (3,-76.0) (5,-78.0) (8,-79.0)
(1.58,9.70) (2,-80.0) (3,-81.0) (5,-71.0) (8,-66.0)
(4.42,4.61) (2,-76.0) (3,-68.0) (5,-81.0) (8,-81.0)
(5.14,5.80) (2,-78.0) (3,-64.0) (5,-78.0) (8,-76.0)
(3.16,10.39) (2,-81.0) (3,-80.0) (5,-76.0) (8,-74.0)
(1.63,6.70) (2,-72.0) (3,-69.0) (5,-79.0) (8,-77.0)
(1.95,4.74) (2,-79.0) (3,-70.0) (5,-74.0) (8,-81.0)
(1.98,3.65) (2,-71.0) (3,-78.0) (5,-77.0) (8,-78.0)
(5.10,4.80) (2,-73.0) (3,-61.0) (5,-76.0) (8,-78.0)
(2.39,7.38) (2,-81.0) (3,-79.0) (5,-75.0) (8,-72.0)
(3.33,8.55) (2,-76.0) (3,-79.0) (5,-74.0) (8,-70.0)
(4.51,6.08) (2,-77.0) (3,-73.0) (5,-73.0) (8,-74.0)
(1.81,1.02) (2,-63.0) (3,-77.0) (5,-79.0) (8,-79.0)
(2.277,1.174) (8,-80.0) (8,-74.0) (4,-67.0) (4,-75.0) (2,-71.0) (2,-63.0) (9,-71.0) (9,-70.0) (3,-72.0) (3,-67.0) (5,-77.0) (5,-79.0)
(3.421,1.149) (8,-81.0) (8,-81.0) (4,-67.0) (4,-67.0) (2,-55.0) (2,-55.0) (9,-73.0) (9,-73.0) (3,-78.0) (3,-78.0) (5,-79.0) (5,-79.0)
(4.935,3.759) (8,-75.0) (8,-76.0) (4,-70.0) (4,-82.0) (2,-63.0) (2,-56.0) (9,-77.0) (9,-77.0) (3,-69.0) (3,-65.0) (5,-69.0) (5,-71.0)
(3.273,4.151) (4,-63.0) (4,-57.0) (3,-61.0) (3,-62.0) (9,-81.0) (9,-72.0) (8,-78.0) (8,-83.0) (5,-76.0) (5,-76.0) (2,-63.0) (2,-63.0)
(1.699,4.007) (4,-72.0) (4,-66.0) (3,-75.0) (3,-75.0) (9,-83.0) (9,-84.0) (8,-79.0) (8,-79.0) (5,-81.0) (5,-89.0) (2,-72.0) (2,-63.0)
(4.950,6.928) (4,-69.0) (4,-68.0) (3,-64.0) (3,-72.0) (9,-69.0) (9,-66.0) (8,-70.0) (8,-64.0) (5,-58.0) (5,-54.0) (2,-73.0) (2,-76.0)
(3.116,7.545) (4,-70.0) (4,-66.0) (3,-67.0) (3,-69.0) (9,-70.0) (9,-70.0) (8,-66.0) (8,-70.0) (5,-75.0) (5,-72.0) (2,-72.0) (2,-72.0)
(1.659,7.518) (4,-66.0) (4,-67.0) (3,-75.0) (3,-76.0) (9,-78.0) (9,-80.0) (8,-64.0) (8,-70.0) (5,-80.0) (5,-90.0) (2,-70.0) (2,-73.0)
(1.918,9.5) (4,-72.0) (4,-77.0) (3,-81.0) (3,-80.0) (9,-70.0) (9,-89.0) (8,-76.0) (8,-60.0) (5,-77.0) (5,-70.0) (2,-76.0) (2,-71.0)
(3.462,9.319) (4,-72.0) (4,-66.0) (3,-75.0) (3,-75.0) (9,-72.0) (9,-71.0) (8,-74.0) (8,-57.0) (5,-69.0) (5,-66.0) (2,-72.0) (2,-75.0)
(5.048,8.88) (4,-78.0) (4,-74.0) (3,-73.0) (3,-74.0) (9,-68.0) (9,-59.0) (8,-65.0) (8,-63.0) (5,-75.0) (5,-75.0) (2,-78.0) (2,-78.0)
(7.038,7.115) (4,-83.0) (4,-73.0) (3,-61.0) (3,-78.0) (9,-46.0) (9,-44.0) (8,-69.0) (8,-67.0) (5,-57.0) (5,-64.0) (2,-72.0) (2,-75.0)
(6.792,8.737) (4,-76.0) (4,-79.0) (3,-70.0) (3,-71.0) (9,-63.0) (9,-73.0) (8,-65.0) (8,-69.0) (5,-62.0) (5,-54.0) (2,-75.0) (2,-75.0)
(5.152,11.131) (4,-69.0) (4,-75.0) (3,-73.0) (3,-77.0) (9,-64.0) (9,-64.0) (8,-56.0) (8,-62.0) (5,-74.0) (5,-82.0) (2,-80.0) (2,-75.0)
(2.688,11.335) (4,-70.0) (4,-83.0) (3,-81.0) (3,-80.0) (9,-73.0) (9,-70.0) (8,-61.0) (8,-64.0) (5,-70.0) (5,-76.0) (2,-81.0) (2,-83.0)
(3.42,10.42) (4,-83.0) (2,-76.0) (1,-79.0) (3,-74.0) (8,-6.0)
(1.27,11.30) (4,-82.0) (2,-77.0) (1,-75.0) (8,-59.0) (5,-8.0)
(3.42,10.42) (2,-78.0) (1,-81.0) (3,-77.0) (8,-63.0) (5,-8.0)
(1.58,9.70) (3,-81.0) (5,-71.0) (8,-66.0)
(4.42,4.61) (2,-76.0) (3,-68.0) (5,-81.0) (8,-81.0)
(1.95,4.74) (2,-79.0) (3,-70.0) (5,-74.0) (8,-8.0)
(2.15,9.93) (4,-69.0) (2,-80.0) (5,-65.0) (3,-72.0) (8,-6.0)
(1.81,1.02) (3,-77.0) (5,-79.0) (8,-79.0)
(5.11,7.63) (4,-74.0) (5,-68.0) (8,-77.0) (9,-63.0) (1,-8.0)
(6.60,6.14) (4,-71.0) (2,-82.0) (3,-65.0) (8,-75.0) (5,-7.0)
(6.82,4.17) (3,-82.0) (1,-68.0) (9,-86.0) (2,-67.0) (8,-8.0)
(4.13,6.06) (3,-72.0) (1,-75.0) (4,-75.0) (5,-75.0) (9,-7.0)
(5.52,4.48) (4,-77.0) (2,-75.0) (1,-78.0) (8,-82.0) (5,-8.0)
(3.93,9.92) (3,-75.0) (8,-69.0) (4,-72.0) (5,-73.0) (9,-8.0)
(3.70,7.40) (2,-80.0) (3,-79.0) (5,-57.0) (8,-7.0)
(1.61,1.20) (3,-75.0) (1,-76.0) (2,-85.0) (8,-81.0) (4,-7.0)
(1.41,2.43) (1,-70.0) (4,-73.0) (9,-78.0) (3,-69.0) (5,-8.0)
(1.02,4.41) (1,-79.0) (4,-79.0) (2,-76.0) (9,-87.0) (3,-7.0)
(4.24,8.02) (8,-78.0) (4,-75.0) (5,-77.0) (9,-81.0) (2,-7.0)
(3.710,2.398) (2,-53.0) (2,-65.0) (4,-77.0) (4,-78.0) (1,-68.0) (1,-74.0) (3,-75.0) (3,-89.0) (8,-85.0) (8,-85.0) (5,-82.0) (5,-79.0)
(3.441,4.881) (2,-72.0) (2,-74.0) (4,-66.0) (4,-63.0) (1,-73.0) (1,-84.0) (3,-62.0) (3,-72.0) (8,-80.0) (8,-85.0) (5,-76.0) (5,-79.0)
(1.414,2.586) (4,-71.0) (4,-69.0) (2,-70.0) (2,-63.0) (1,-79.0) (1,-70.0) (3,-80.0) (3,-75.0) (8,-78.0) (8,-74.0) (5,-87.0) (5,-79.0)
(2.580,4.826) (4,-68.0) (4,-65.0) (2,-69.0) (2,-76.0) (1,-72.0) (1,-84.0) (3,-75.0) (3,-72.0) (8,-82.0) (8,-73.0) (5,-85.0) (5,-80.0)
(5.516,4.479) (4,-75.0) (4,-77.0) (2,-66.0) (2,-75.0) (1,-79.0) (1,-78.0) (3,-59.0) (3,-70.0) (8,-76.0) (8,-82.0) (5,-80.0) (5,-83.0)
(5.599,7.612) (4,-68.0) (4,-72.0) (2,-76.0) (2,-83.0) (1,-69.0) (1,-73.0) (3,-73.0) (3,-88.0) (8,-79.0) (8,-76.0) (5,-67.0) (5,-53.0)
(3.420,10.421) (4,-83.0) (4,-77.0) (2,-76.0) (2,-78.0) (1,-79.0) (1,-81.0) (3,-74.0) (3,-77.0) (8,-65.0) (8,-63.0) (5,-67.0) (5,-82.0)
(2.481,8.844) (4,-77.0) (4,-80.0) (2,-75.0) (2,-76.0) (1,-85.0) (1,-75.0) (3,-73.0) (3,-85.0) (8,-73.0) (8,-70.0) (5,-80.0) (5,-65.0)
(1.275,11.301) (4,-82.0) (4,-83.0) (2,-77.0) (2,-79.0) (1,-75.0) (1,-84.0) (3,-86.0) (3,-86.0) (8,-59.0) (8,-52.0) (5,-85.0) (5,-68.0)
(2.52,6.18) (4,-65.0) (4,-58.0) (4,-65.0) (9,-79.0) (9,-83.0) (9,-72.0) (5,-73.0) (5,-83.0) (5,-87.0) (8,-74.0) (8,-69.0) (8,-78.0) (3,-67.0) (3,-69.0) (3,-76.0) (1,-67.0) (1,-76.0) (1,-69.0) (2,-77.0) (2,-63.0) (2,-68.0)
(2.51,10.50) (4,-81.0) (4,-68.0) (4,-65.0) (9,-79.0) (9,-78.0) (9,-75.0) (5,-81.0) (5,-63.0) (5,-62.0) (8,-59.0) (8,-65.0) (8,-59.0) (3,-76.0) (3,-81.0) (3,-70.0) (1,-77.0) (1,-70.0) (1,-69.0) (2,-75.0) (2,-74.0) (2,-76.0)
(5.13,2.71) (4,-75.0) (4,-80.0) (4,-70.0) (9,-75.0) (9,-78.0) (9,-74.0) (5,-71.0) (5,-80.0) (5,-73.0) (8,-80.0) (8,-77.0) (8,-72.0) (3,-67.0) (3,-87.0) (3,-68.0) (1,-65.0) (1,-70.0) (1,-64.0) (2,-74.0) (2,-70.0) (2,-59.0)
(0.45,2.86) (4,-66.0) (4,-68.0) (4,-60.0) (9,-78.0) (9,-76.0) (9,-74.0) (5,-76.0) (5,-78.0) (5,-72.0) (8,-73.0) (8,-75.0) (8,-76.0) (3,-72.0) (3,-65.0) (3,-74.0) (1,-82.0) (1,-75.0) (1,-81.0) (2,-58.0) (2,-56.0) (2,-71.0)
(3.26,3.93) (4,-63.0) (4,-65.0) (4,-62.0) (9,-82.0) (9,-92.0) (9,-74.0) (5,-72.0) (5,-71.0) (5,-82.0) (8,-76.0) (8,-78.0) (8,-77.0) (3,-71.0) (3,-62.0) (3,-63.0) (1,-78.0) (1,-63.0) (1,-80.0) (2,-76.0) (2,-63.0) (2,-69.0)
(6.75,5.27) (4,-77.0) (4,-69.0) (4,-83.0) (9,-72.0) (9,-71.0) (9,-73.0) (5,-73.0) (5,-65.0) (5,-69.0) (8,-72.0) (8,-77.0) (8,-75.0) (3,-67.0) (3,-55.0) (3,-57.0) (1,-67.0) (1,-67.0) (1,-77.0) (2,-75.0) (2,-73.0) (2,-74.0)
(0.45,0.51) (4,-71.0) (4,-70.0) (4,-69.0) (9,-75.0) (9,-85.0) (9,-76.0) (5,-73.0) (5,-82.0) (5,-76.0) (8,-76.0) (8,-81.0) (8,-77.0) (3,-75.0) (3,-76.0) (3,-72.0) (1,-73.0) (1,-66.0) (1,-65.0) (2,-60.0) (2,-80.0) (2,-53.0)
(8.67,9.31) (4,-80.0) (4,-81.0) (4,-75.0) (9,-76.0) (9,-76.0) (9,-75.0) (5,-87.0) (5,-75.0) (5,-69.0) (8,-85.0) (8,-89.0) (8,-74.0) (3,-87.0) (3,-74.0) (3,-77.0) (1,-93.0) (1,-89.0) (1,-75.0) (2,-86.0) (2,-87.0) (2,-75.0)
(1.66,12.13) (4,-69.0) (4,-73.0) (4,-72.0) (9,-73.0) (9,-81.0) (9,-82.0) (5,-75.0) (5,-78.0) (5,-78.0) (8,-76.0) (8,-67.0) (8,-63.0) (3,-82.0) (3,-96.0) (3,-83.0) (1,-86.0) (1,-72.0) (1,-77.0) (2,-72.0) (2,-82.0) (2,-78.0)
(1.61,1.20) (3,-75.0) (3,-77.0) (3,-80.0) (1,-76.0) (1,-72.0) (1,-69.0) (2,-85.0) (2,-68.0) (2,-69.0) (8,-81.0) (8,-81.0) (4,-73.0) (4,-76.0) (4,-82.0) (5,-83.0) (5,-83.0) (9,-72.0) (9,-77.0)
(1.41,2.43) (1,-70.0) (1,-76.0) (1,-77.0) (4,-73.0) (4,-71.0) (4,-73.0) (9,-78.0) (9,-80.0) (9,-79.0) (3,-69.0) (3,-73.0) (3,-70.0) (5,-82.0) (2,-61.0) (2,-62.0) (8,-78.0) (8,-79.0)
(1.02,4.41) (1,-79.0) (1,-76.0) (1,-75.0) (4,-79.0) (4,-77.0) (4,-75.0) (2,-76.0) (2,-72.0) (9,-87.0) (9,-91.0) (9,-87.0) (3,-75.0) (3,-79.0) (3,-85.0) (8,-81.0) (8,-78.0) (8,-75.0) (5,-86.0)
(1.19,8.72) (3,-71.0) (3,-71.0) (3,-79.0) (4,-81.0) (4,-80.0) (4,-82.0) (9,-82.0) (9,-79.0) (9,-82.0) (5,-77.0) (5,-77.0) (2,-79.0) (2,-75.0) (8,-80.0) (8,-75.0) (1,-83.0)
(2.08,11.26) (3,-79.0) (3,-73.0) (3,-73.0) (4,-76.0) (4,-79.0) (4,-78.0) (9,-83.0) (9,-81.0) (8,-64.0) (8,-69.0) (8,-75.0) (5,-70.0) (5,-76.0) (2,-82.0) (2,-82.0) (2,-82.0) (1,-71.0) (1,-77.0)
(3.93,9.92) (4,-74.0) (4,-69.0) (4,-72.0) (5,-60.0) (5,-73.0) (9,-78.0) (9,-83.0) (9,-82.0) (2,-76.0) (2,-77.0) (2,-86.0) (8,-75.0) (8,-67.0) (8,-69.0) (1,-81.0) (1,-72.0) (3,-76.0) (3,-75.0)
(4.24,8.02) (8,-78.0) (8,-80.0) (8,-77.0) (4,-75.0) (4,-65.0) (4,-74.0) (5,-77.0) (9,-81.0) (9,-73.0) (9,-72.0) (2,-77.0) (2,-74.0) (2,-69.0) (1,-83.0) (1,-75.0) (1,-70.0) (3,-66.0) (3,-70.0)
(4.13,6.06) (3,-67.0) (3,-67.0) (3,-72.0) (4,-72.0) (4,-57.0) (4,-75.0) (9,-79.0) (9,-81.0) (9,-75.0) (1,-79.0) (1,-66.0) (1,-75.0) (2,-70.0) (2,-73.0) (2,-77.0) (8,-78.0) (5,-75.0)
(3.88,3.95) (3,-67.0) (3,-67.0) (3,-70.0) (4,-71.0) (4,-68.0) (4,-77.0) (5,-79.0) (5,-73.0) (9,-79.0) (9,-73.0) (2,-60.0) (2,-69.0) (2,-65.0) (1,-67.0) (1,-69.0) (1,-64.0) (8,-75.0) (8,-76.0)
(3.82,1.93) (3,-70.0) (3,-76.0) (3,-82.0) (1,-75.0) (1,-81.0) (1,-68.0) (9,-78.0) (9,-86.0) (9,-86.0) (2,-65.0) (2,-67.0) (2,-67.0) (8,-76.0) (8,-88.0) (8,-85.0) (4,-67.0) (4,-75.0) (4,-77.0)
(6.82,4.17) (3,-82.0) (3,-82.0) (3,-72.0) (1,-68.0) (1,-68.0) (9,-86.0) (9,-86.0) (9,-76.0) (2,-67.0) (2,-67.0) (2,-68.0) (8,-85.0) (8,-85.0) (8,-88.0) (4,-73.0) (4,-73.0) (4,-75.0) (5,-72.0)
(6.25,8.72) (4,-73.0) (4,-75.0) (4,-75.0) (3,-74.0) (3,-70.0) (3,-71.0) (1,-79.0) (1,-66.0) (1,-77.0) (9,-73.0) (9,-75.0) (9,-80.0) (2,-75.0) (2,-84.0) (5,-60.0) (5,-59.0) (8,-76.0) (8,-72.0)
(2.501,1.355) (3,-79.0) (3,-82.0) (3,-77.0) (3,-81.0) (3,-80.0) (4,-74.0) (4,-74.0) (4,-76.0) (4,-71.0) (4,-77.0) (5,-90.0) (5,-83.0) (5,-89.0) (5,-90.0) (5,-81.0) (8,-100.0) (8,-87.0) (8,-89.0) (8,-81.0) (8,-89.0) (9,-84.0) (9,-90.0) (9,-89.0) (9,-85.0) (9,-84.0)
(3.102,7.120) (3,-72.0) (3,-67.0) (3,-71.0) (3,-70.0) (3,-69.0) (4,-82.0) (4,-71.0) (4,-67.0) (4,-67.0) (4,-68.0) (5,-81.0) (5,-79.0) (5,-76.0) (5,-79.0) (5,-77.0) (8,-70.0) (8,-76.0) (8,-70.0) (8,-76.0) (8,-69.0) (9,-82.0) (9,-88.0) (9,-88.0) (9,-85.0) (9,-85.0)
(1.607,5.647) (3,-73.0) (3,-68.0) (3,-68.0) (3,-73.0) (3,-66.0) (4,-74.0) (4,-71.0) (4,-75.0) (4,-73.0) (4,-73.0) (5,-81.0) (5,-86.0) (5,-84.0) (5,-93.0) (5,-77.0) (8,-83.0) (8,-82.0) (8,-82.0) (8,-82.0) (8,-82.0) (9,-80.0) (9,-78.0) (9,-77.0) (9,-77.0) (9,-81.0)
(5.206,3.625) (3,-64.0) (3,-63.0) (3,-73.0) (3,-70.0) (3,-66.0) (4,-68.0) (4,-66.0) (4,-70.0) (4,-78.0) (4,-70.0) (5,-78.0) (5,-77.0) (5,-85.0) (5,-78.0) (5,-74.0) (8,-82.0) (8,-77.0) (8,-77.0) (8,-75.0) (8,-76.0) (9,-85.0) (9,-77.0) (9,-72.0) (9,-69.0) (9,-80.0)
(3.448,9.129) (3,-86.0) (3,-80.0) (3,-82.0) (3,-80.0) (3,-82.0) (4,-84.0) (4,-69.0) (4,-74.0) (4,-74.0) (4,-91.0) (5,-65.0) (5,-62.0) (5,-63.0) (5,-60.0) (5,-63.0) (8,-67.0) (8,-71.0) (8,-63.0) (8,-66.0) (8,-67.0) (9,-71.0) (9,-72.0) (9,-75.0) (9,-74.0) (9,-70.0)
(3.027,6.982) (3,-61.0) (3,-61.0) (3,-65.0) (3,-67.0) (3,-62.0) (4,-62.0) (4,-64.0) (4,-60.0) (4,-63.0) (4,-64.0) (5,-62.0) (5,-60.0) (5,-68.0) (5,-60.0) (5,-60.0) (8,-71.0) (8,-67.0) (8,-75.0) (8,-80.0) (8,-84.0) (9,-71.0) (9,-70.0) (9,-73.0) (9,-72.0) (9,-73.0)
(1.275,5.293) (3,-66.0) (3,-62.0) (3,-63.0) (3,-67.0) (3,-64.0) (4,-66.0) (4,-64.0) (4,-69.0) (4,-65.0) (4,-66.0) (5,-72.0) (5,-67.0) (5,-77.0) (5,-69.0) (5,-76.0) (8,-79.0) (8,-80.0) (8,-82.0) (8,-82.0) (8,-82.0) (9,-69.0) (9,-77.0) (9,-75.0) (9,-83.0) (9,-83.0)
(2.059,3.994) (3,-64.0) (3,-66.0) (3,-66.0) (3,-71.0) (3,-73.0) (4,-65.0) (4,-69.0) (4,-64.0) (4,-70.0) (4,-61.0) (5,-82.0) (5,-80.0) (5,-78.0) (5,-76.0) (5,-76.0) (8,-77.0) (8,-84.0) (8,-85.0) (8,-93.0) (8,-68.0) (9,-70.0) (9,-70.0) (9,-70.0) (9,-71.0) (9,-82.0)
(0.882,3.296) (3,-77.0) (3,-76.0) (3,-82.0) (3,-76.0) (3,-70.0) (4,-69.0) (4,-68.0) (4,-71.0) (4,-65.0) (4,-71.0) (5,-79.0) (5,-93.0) (5,-84.0) (5,-90.0) (5,-87.0) (8,-85.0) (8,-85.0) (8,-84.0) (8,-95.0) (8,-89.0) (9,-78.0) (9,-93.0) (9,-84.0) (9,-87.0) (9,-77.0)
(3.990,2.122) (5,-83.0) (5,-78.0) (5,-82.0) (4,-72.0) (4,-64.0) (4,-71.0) (3,-65.0) (3,-69.0) (3,-63.0) (1,-77.0) (1,-76.0) (1,-66.0)
(2.824,5.075) (5,-75.0) (5,-89.0) (5,-79.0) (4,-74.0) (4,-76.0) (4,-81.0) (3,-68.0) (3,-66.0) (3,-67.0) (1,-67.0) (1,-66.0) (1,-67.0)
(5.500,2.583) (5,-70.0) (5,-71.0) (5,-61.0) (4,-71.0) (4,-75.0) (4,-67.0) (3,-84.0) (3,-69.0) (3,-82.0) (1,-75.0) (1,-76.0) (1,-78.0)
(5.949,5.075) (5,-72.0) (5,-71.0) (5,-60.0) (4,-69.0) (4,-75.0) (4,-69.0) (3,-60.0) (3,-69.0) (3,-59.0) (1,-73.0) (1,-76.0) (1,-78.0)
(7.487,4.715) (5,-60.0) (5,-60.0) (5,-61.0) (4,-67.0) (4,-75.0) (4,-67.0) (3,-77.0) (3,-81.0) (3,-82.0) (1,-88.0) (1,-78.0) (1,-83.0)
(6.949,2.134) (5,-83.0) (5,-75.0) (5,-73.0) (4,-63.0) (4,-59.0) (4,-69.0) (3,-76.0) (3,-77.0) (3,-81.0) (1,-81.0) (1,-77.0) (1,-74.0)
(6.961,5.175) (5,-62.0) (5,-79.0) (5,-59.0) (4,-79.0) (4,-75.0) (4,-79.0) (3,-69.0) (3,-66.0) (3,-74.0) (1,-77.0) (1,-74.0) (1,-86.0)
(9.013,2.229) (5,-73.0) (5,-69.0) (5,-62.0) (4,-72.0) (4,-66.0) (4,-74.0) (3,-75.0) (3,-72.0) (3,-79.0) (1,-77.0) (1,-76.0) (1,-82.0)
(4.641,2.138) (5,-82.0) (5,-72.0) (5,-84.0) (4,-69.0) (4,-75.0) (4,-69.0) (3,-86.0) (3,-76.0) (3,-79.0) (1,-73.0) (1,-82.0) (1,-75.0)
(1.2,1) (1,-71.0) (1,-74.0) (2,-59.0) (2,-60.0) (3,-74.0) (3,-81.0) (4,-67.0) (4,-67.0) (5,-85.0) (5,-86.0) (8,-82.0) (8,-72.0) (9,-87.0) (9,-80.0)
(2.4,1) (1,-62.0) (1,-81.0) (2,-61.0) (2,-64.0) (3,-88.0) (3,-75.0) (4,-74.0) (4,-66.0) (5,-82.0) (5,-80.0) (8,-74.0) (8,-78.0) (9,-67.0) (9,-73.0)
(3.6,1) (1,-68.0) (1,-56.0) (2,-62.0) (2,-66.0) (3,-77.0) (3,-73.0) (4,-73.0) (4,-72.0) (5,-73.0) (5,-80.0) (8,-85.0) (8,-78.0) (9,-74.0) (9,-84.0)
(4.8,1) (1,-62.0) (1,-52.0) (2,-65.0) (2,-72.0) (3,-74.0) (3,-74.0) (4,-81.0) (4,-80.0) (5,-91.0) (5,-76.0) (8,-79.0) (8,-85.0) (9,-74.0) (9,-80.0)
(1.2,2) (1,-73.0) (1,-63.0) (2,-59.0) (2,-53.0) (3,-65.0) (3,-78.0) (4,-65.0) (4,-69.0) (5,-79.0) (5,-82.0) (8,-71.0) (8,-84.0) (9,-85.0) (9,-72.0)
(2.4,2) (1,-73.0) (1,-58.0) (2,-53.0) (2,-58.0) (3,-68.0) (3,-67.0) (4,-71.0) (4,-67.0) (5,-90.0) (5,-79.0) (8,-76.0) (8,-80.0) (9,-85.0) (9,-71.0)
(3.6,2) (1,-62.0) (1,-61.0) (2,-62.0) (2,-70.0) (3,-82.0) (3,-78.0) (4,-65.0) (4,-68.0) (5,-75.0) (5,-89.0) (8,-71.0) (8,-89.0) (9,-68.0) (9,-73.0)
(4.8,2) (1,-59.0) (1,-66.0) (2,-70.0) (2,-65.0) (3,-73.0) (3,-79.0) (4,-76.0) (4,-74.0) (5,-82.0) (5,-73.0) (8,-88.0) (8,-89.0) (9,-77.0) (9,-69.0)
(1.2,3) (1,-73.0) (1,-66.0) (2,-62.0) (2,-63.0) (3,-85.0) (3,-81.0) (4,-75.0) (4,-65.0) (5,-77.0) (5,-80.0) (8,-71.0) (8,-68.0) (9,-80.0) (9,-76.0)
(2.4,3) (1,-65.0) (1,-66.0) (2,-53.0) (2,-70.0) (3,-81.0) (3,-65.0) (4,-70.0) (4,-70.0) (5,-75.0) (5,-75.0) (8,-74.0) (8,-82.0) (9,-79.0) (9,-77.0)
(3.6,3) (1,-62.0) (1,-63.0) (2,-58.0) (2,-63.0) (3,-65.0) (3,-65.0) (4,-67.0) (4,-70.0) (5,-77.0) (5,-76.0) (8,-83.0) (8,-82.0) (9,-67.0) (9,-80.0)
(4.8,3) (1,-66.0) (1,-74.0) (2,-58.0) (2,-58.0) (3,-82.0) (3,-63.0) (4,-67.0) (4,-67.0) (5,-74.0) (5,-70.0) (8,-79.0) (8,-80.0) (9,-69.0) (9,-67.0)
(1.2,4) (1,-70.0) (1,-75.0) (2,-63.0) (2,-65.0) (3,-68.0) (3,-75.0) (4,-60.0) (4,-56.0) (5,-75.0) (5,-75.0) (8,-72.0) (8,-73.0) (9,-80.0) (9,-80.0)
(2.4,4) (1,-70.0) (1,-82.0) (2,-58.0) (2,-63.0) (3,-76.0) (3,-70.0) (4,-64.0) (4,-55.0) (5,-89.0) (5,-78.0) (8,-70.0) (8,-76.0) (9,-77.0) (9,-74.0)
(3.6,4) (1,-76.0) (1,-73.0) (2,-71.0) (2,-63.0) (3,-76.0) (3,-70.0) (4,-69.0) (4,-60.0) (5,-74.0) (5,-71.0) (8,-70.0) (8,-82.0) (9,-62.0) (9,-67.0)
(4.8,4) (1,-72.0) (1,-67.0) (2,-57.0) (2,-61.0) (3,-58.0) (3,-58.0) (4,-62.0) (4,-64.0) (5,-78.0) (5,-70.0) (8,-67.0) (8,-85.0) (9,-77.0) (9,-66.0)
(1.2,5) (1,-74.0) (1,-86.0) (2,-68.0) (2,-72.0) (3,-64.0) (3,-68.0) (4,-66.0) (4,-59.0) (5,-70.0) (5,-72.0) (8,-75.0) (8,-74.0) (9,-70.0) (9,-73.0)
(2.4,5) (1,-78.0) (1,-74.0) (2,-65.0) (2,-64.0) (3,-70.0) (3,-66.0) (4,-57.0) (4,-61.0) (5,-83.0) (5,-88.0) (8,-82.0) (8,-76.0) (9,-79.0) (9,-79.0)
(3.6,5) (1,-74.0) (1,-71.0) (2,-61.0) (2,-86.0) (3,-54.0) (3,-56.0) (4,-82.0) (4,-66.0) (5,-71.0) (5,-71.0) (8,-77.0) (8,-83.0) (9,-71.0) (9,-71.0)
(4.8,5) (1,-68.0) (1,-69.0) (2,-66.0) (2,-60.0) (3,-62.0) (3,-51.0) (4,-68.0) (4,-72.0) (5,-78.0) (5,-67.0) (8,-76.0) (8,-82.0) (9,-67.0) (9,-74.0)
(1.2,6) (1,-73.0) (1,-71.0) (2,-63.0) (2,-78.0) (3,-79.0) (3,-71.0) (4,-56.0) (4,-65.0) (5,-65.0) (5,-77.0) (8,-67.0) (8,-78.0) (9,-78.0) (9,-76.0)
(2.4,6) (1,-64.0) (1,-70.0) (2,-68.0) (2,-70.0) (3,-64.0) (3,-73.0) (4,-59.0) (4,-70.0) (5,-73.0) (5,-70.0) (8,-72.0) (8,-72.0) (9,-76.0) (9,-72.0)
(3.6,6) (1,-70.0) (1,-69.0) (2,-71.0) (2,-73.0) (3,-59.0) (3,-56.0) (4,-67.0) (4,-63.0) (5,-74.0) (5,-63.0) (8,-75.0) (8,-74.0) (9,-77.0) (9,-77.0)
(4.8,6) (1,-67.0) (1,-77.0) (2,-68.0) (2,-71.0) (3,-53.0) (3,-63.0) (4,-66.0) (4,-65.0) (5,-71.0) (5,-68.0) (8,-69.0) (8,-84.0) (9,-73.0) (9,-79.0)
(1.2,7) (1,-62.0) (1,-74.0) (2,-69.0) (2,-79.0) (3,-62.0) (3,-75.0) (4,-65.0) (4,-71.0) (5,-76.0) (5,-76.0) (8,-71.0) (8,-71.0) (9,-76.0) (9,-73.0)
(2.4,7) (1,-66.0) (1,-74.0) (2,-84.0) (2,-72.0) (3,-65.0) (3,-64.0) (4,-61.0) (4,-73.0) (5,-86.0) (5,-80.0) (8,-83.0) (8,-75.0) (9,-73.0) (9,-76.0)
(3.6,7) (1,-77.0) (1,-79.0) (2,-71.0) (2,-68.0) (3,-67.0) (3,-69.0) (4,-77.0) (4,-74.0) (5,-59.0) (5,-59.0) (8,-73.0) (8,-74.0) (9,-71.0) (9,-67.0)
(4.8,7) (1,-80.0) (1,-78.0) (2,-67.0) (2,-67.0) (3,-66.0) (3,-69.0) (4,-64.0) (4,-74.0) (5,-63.0) (5,-64.0) (8,-70.0) (8,-70.0) (9,-72.0) (9,-63.0)
(1.2,8) (1,-71.0) (1,-85.0) (2,-78.0) (2,-83.0) (3,-67.0) (3,-74.0) (4,-83.0) (4,-64.0) (5,-78.0) (5,-70.0) (8,-78.0) (8,-64.0) (9,-73.0) (9,-80.0)
(2.4,8) (1,-69.0) (1,-85.0) (2,-68.0) (2,-74.0) (3,-72.0) (3,-66.0) (4,-67.0) (4,-74.0) (5,-70.0) (5,-68.0) (8,-66.0) (8,-74.0) (9,-75.0) (9,-71.0)
(3.6,8) (1,-76.0) (1,-69.0) (2,-68.0) (2,-71.0) (3,-69.0) (3,-73.0) (4,-77.0) (4,-65.0) (5,-61.0) (5,-59.0) (8,-75.0) (8,-71.0) (9,-71.0) (9,-74.0)
(4.8,8) (1,-84.0) (1,-76.0) (2,-73.0) (2,-71.0) (3,-66.0) (3,-66.0) (4,-76.0) (4,-71.0) (5,-58.0) (5,-53.0) (8,-72.0) (8,-75.0) (9,-78.0) (9,-77.0)
(1.2,9) (1,-78.0) (1,-84.0) (2,-77.0) (2,-77.0) (3,-74.0) (3,-73.0) (4,-67.0) (4,-77.0) (5,-71.0) (5,-65.0) (8,-65.0) (8,-65.0) (9,-78.0) (9,-91.0)
(2.4,9) (1,-81.0) (1,-85.0) (2,-75.0) (2,-78.0) (3,-75.0) (3,-73.0) (4,-65.0) (4,-68.0) (5,-59.0) (5,-59.0) (8,-71.0) (8,-66.0) (9,-77.0) (9,-84.0)
(3.6,9) (1,-73.0) (1,-85.0) (2,-71.0) (2,-79.0) (3,-72.0) (3,-71.0) (4,-75.0) (4,-86.0) (5,-60.0) (5,-54.0) (8,-72.0) (8,-65.0) (9,-68.0) (9,-90.0)
(4.8,9) (1,-74.0) (1,-82.0) (2,-78.0) (2,-75.0) (3,-76.0) (3,-73.0) (4,-65.0) (4,-72.0) (5,-51.0) (5,-50.0) (8,-69.0) (8,-67.0) (9,-85.0) (9,-76.0)
(1.2,10) (1,-77.0) (1,-77.0) (2,-79.0) (2,-71.0) (3,-73.0) (3,-90.0) (4,-72.0) (4,-75.0) (5,-71.0) (5,-71.0) (8,-56.0) (8,-61.0) (9,-88.0) (9,-79.0)
(2.4,10) (1,-69.0) (1,-87.0) (2,-78.0) (2,-77.0) (3,-82.0) (3,-82.0) (4,-77.0) (4,-73.0) (5,-70.0) (5,-67.0) (8,-65.0) (8,-66.0) (9,-68.0) (9,-71.0)
(3.6,10) (1,-83.0) (1,-74.0) (2,-76.0) (2,-77.0) (3,-79.0) (3,-73.0) (4,-70.0) (4,-72.0) (5,-70.0) (5,-60.0) (8,-65.0) (8,-67.0) (9,-67.0) (9,-78.0)
(4.8,10) (1,-73.0) (1,-80.0) (2,-77.0) (2,-77.0) (3,-74.0) (3,-74.0) (4,-72.0) (4,-79.0) (5,-60.0) (5,-77.0) (8,-64.0) (8,-67.0) (9,-70.0) (9,-83.0)
(1.2,11) (1,-73.0) (1,-79.0) (2,-82.0) (2,-78.0) (3,-78.0) (3,-76.0) (4,-72.0) (4,-74.0) (5,-72.0) (5,-68.0) (8,-65.0) (8,-69.0) (9,-81.0) (9,-71.0)
(2.4,11) (1,-78.0) (1,-83.0) (2,-77.0) (2,-79.0) (3,-79.0) (3,-79.0) (4,-67.0) (4,-73.0) (5,-80.0) (5,-71.0) (8,-60.0) (8,-64.0) (9,-72.0) (9,-70.0)
(3.6,11) (1,-84.0) (1,-75.0) (2,-86.0) (2,-78.0) (3,-88.0) (3,-79.0) (4,-65.0) (4,-71.0) (5,-78.0) (5,-77.0) (8,-53.0) (8,-76.0) (9,-87.0) (9,-70.0)
(4.8,11) (1,-78.0) (1,-79.0) (2,-79.0) (2,-78.0) (3,-79.0) (3,-80.0) (4,-70.0) (4,-69.0) (5,-75.0) (5,-67.0) (8,-60.0) (8,-58.0) (9,-75.0) (9,-80.0)
(6.7,4.6) (1,-71.0) (1,-64.0) (2,-78.0) (2,-71.0) (3,-57.0) (3,-63.0) (4,-75.0) (4,-83.0) (5,-65.0) (5,-75.0) (8,-94.0) (8,-80.0) (9,-77.0) (9,-60.0)
(6.7,6.2) (1,-75.0) (1,-73.0) (2,-82.0) (2,-79.0) (3,-68.0) (3,-70.0) (4,-75.0) (4,-76.0) (5,-67.0) (5,-67.0) (8,-78.0) (8,-50.0) (9,-67.0) (9,-59.0)
(6.7,8.0) (1,-71.0) (1,-76.0) (2,-75.0) (2,-69.0) (3,-66.0) (3,-70.0) (4,-74.0) (4,-75.0) (5,-63.0) (5,-61.0) (8,-68.0) (8,-80.0) (9,-61.0) (9,-63.0)
(7.9,6.2) (1,-77.0) (1,-76.0) (2,-88.0) (2,-85.0) (3,-65.0) (3,-62.0) (4,-79.0) (4,-76.0) (5,-78.0) (5,-68.0) (8,-77.0) (8,-80.0) (9,-68.0) (9,-53.0)
(5.5,13.9) (1,-81.0) (1,-87.0) (2,-89.0) (2,-89.0) (3,-88.0) (3,-90.0) (4,-75.0) (4,-82.0) (5,-84.0) (5,-81.0) (8,-73.0) (8,-73.0) (9,-76.0) (9,-83.0)
(2.885,3.603) (1,-74.0) (1,-74.0) (8,-86.0) (8,-84.0) (3,-73.0) (3,-73.0)
(2.782,4.855) (1,-78.0) (2,-83.0) (3,-77.0) (4,-76.0) (5,-77.0) (8,-85.0)
(2.584,6.092) (1,-77.0) (2,-73.0) (3,-68.0) (4,-65.0) (5,-75.0) (8,-73.0)
(1.548,7.437) (1,-95.0) (2,-87.0) (3,-89.0) (4,-79.0) (5,-84.0) (8,-82.0)
(2.154,9.129) (1,-90.0) (2,-82.0) (3,-96.0) (4,-73.0) (5,-74.0) (8,-69.0)
(3.584,7.313) (1,-81.0) (2,-92.0) (3,-70.0) (4,-76.0) (5,-82.0) (8,-79.0)
(5.149,8.530) (1,-71.0) (2,-79.0) (3,-75.0) (4,127.0) (5,127.0) (8,-66.0)
(5.077,9.748) (1,-80.0) (2,-78.0) (3,-82.0) (4,-82.0) (5,127.0) (8,-59.0)
(4.723,10.756) (1,-83.0) (2,-85.0) (3,-84.0) (4,-82.0) (5,-86.0) (8,-66.0)
(1.262,1.082) (1,-65.0) (1,-64.0) (1,-68.0) (1,-67.0) (1,-69.0) (3,-81.0) (3,-83.0) (3,-73.0) (3,-73.0) (3,-84.0) (4,-70.0) (4,-74.0) (4,-76.0) (4,-68.0) (4,-72.0)
(1.607,5.647) (1,-80.0) (1,-74.0) (1,-77.0) (1,-78.0) (1,-78.0) (3,-69.0) (3,-68.0) (3,-74.0) (3,-70.0) (3,-70.0) (4,-70.0) (4,-77.0) (4,-69.0) (4,-72.0) (4,-71.0)
(2.506,1.351) (1,-78.0) (1,-75.0) (1,-75.0) (1,-76.0) (1,-75.0) (3,-84.0) (3,-89.0) (3,-82.0) (3,-82.0) (3,-91.0) (4,-73.0) (4,-73.0) (4,-75.0) (4,-81.0) (4,-75.0)
(5.206,3.685) (1,-68.0) (1,-67.0) (1,-67.0) (1,-67.0) (1,-69.0) (3,-68.0) (3,-68.0) (3,-63.0) (3,-66.0) (3,-63.0) (4,-69.0) (4,-71.0) (4,-72.0) (4,-67.0) (4,-73.0)
(3.027,6.892) (1,-82.0) (1,-75.0) (1,-76.0) (1,-73.0) (1,-79.0) (3,-63.0) (3,-67.0) (3,-70.0) (3,-64.0) (3,-60.0) (4,-62.0) (4,-66.0) (4,-65.0) (4,-63.0) (4,-62.0)
(2.506,2.604) (1,-80.0) (1,-72.0) (1,-75.0) (1,-73.0) (1,-76.0) (3,-80.0) (3,-78.0) (3,-77.0) (3,-79.0) (3,-75.0) (4,-70.0) (4,-75.0) (4,-72.0) (4,-71.0) (4,-69.0)
(3.102,10.427) (1,-90.0) (1,-87.0) (1,-88.0) (1,-82.0) (1,-95.0) (3,-81.0) (3,-86.0) (3,-79.0) (3,-77.0) (3,-80.0) (4,-78.0) (4,-74.0) (4,-76.0) (4,-77.0) (4,-75.0)
(5.038,3.329) (1,-70.0) (1,-67.0) (1,-73.0) (1,-72.0) (1,-70.0) (3,-80.0) (3,-75.0) (3,-73.0) (3,-76.0) (3,-73.0) (4,-78.0) (4,-74.0) (4,-76.0) (4,-77.0) (4,-76.0)
(5.228,6.072) (1,-77.0) (1,-79.0) (1,-80.0) (1,-76.0) (1,-75.0) (3,-72.0) (3,-74.0) (3,-73.0) (3,-71.0) (3,-69.0) (4,-77.0) (4,-76.0) (4,-80.0) (4,-73.0) (4,-75.0)
(8.648,3.160) (1,-84.0) (1,-85.0) (2,-79.0) (2,-82.0) (3,-77.0) (3,-81.0) (4,-78.0) (4,-81.0) (5,-82.0) (5,-83.0) (8,-85.0) (8,-90.0)
(8.648,9.403) (1,-88.0) (1,-90.0) (2,-83.0) (2,-78.0) (3,-73.0) (3,-71.0) (4,-88.0) (4,-82.0) (5,-66.0) (5,-68.0) (8,-75.0) (8,-77.0)
(6.471,12.491) (1,-77.0) (1,-82.0) (2,-83.0) (2,-86.0) (3,-83.0) (3,-87.0) (4,-83.0) (4,-81.0) (5,-73.0) (5,-78.0) (8,-72.0) (8,-72.0)
(6.471,0) (1,-65.0) (1,-69.0) (2,-78.0) (2,-75.0) (3,-88.0) (3,-77.0) (4,-83.0) (4,-76.0) (5,-81.0) (5,-73.0) (8,-85.0) (8,-77.0)
(4.837,6.053) (1,-77.0) (1,-81.0) (2,-74.0) (2,-78.0) (3,-65.0) (3,-69.0) (4,-91.0) (4,-82.0) (5,-60.0) (5,-69.0) (8,-85.0) (8,-76.0)
(0,0) (1,-82.0) (1,-75.0) (2,-64.0) (2,-65.0) (3,-76.0) (3,-82.0) (4,-73.0) (4,-80.0) (5,-81.0) (5,-78.0) (8,-78.0) (8,-75.0)
(0,12.491) (1,-77.0) (1,-81.0) (2,-80.0) (2,-79.0) (3,-86.0) (3,-80.0) (4,-71.0) (4,-73.0) (5,-79.0) (5,-75.0) (8,-62.0) (8,-61.0)
(0,6.053) (1,-76.0) (1,-80.0) (2,-78.0) (2,-76.0) (3,-80.0) (3,-78.0) (4,-71.0) (4,-72.0) (5,-84.0) (5,-74.0) (8,-72.0) (8,-76.0)
(3.386,3.413) (1,-74.0) (1,-79.0) (2,-79.0) (2,-78.0) (3,-78.0) (3,-81.0) (4,-69.0) (4,-75.0) (5,-58.0) (5,-64.0) (8,-70.0) (8,-77.0)
(0.936,3.731) (4,-64.0) (4,-68.0) (9,-71.0) (9,-78.0) (2,-71.0) (2,-83.0) (5,-82.0) (5,-85.0) (3,-75.0) (3,-75.0)
(0.985,5.835) (4,-58.0) (4,-61.0) (3,-83.0) (3,-75.0) (8,-75.0) (8,-77.0) (9,-82.0) (9,-77.0) (2,-78.0) (2,-79.0)
(2.023,7.749) (4,-61.0) (4,-69.0) (1,-78.0) (1,-67.0) (5,-80.0) (5,-72.0) (9,-80.0) (9,-73.0) (3,-74.0) (3,-76.0)
(2.151,9.929) (4,-71.0) (4,-69.0) (2,-80.0) (2,-80.0) (5,-71.0) (5,-65.0) (3,-82.0) (3,-72.0) (8,-63.0) (8,-62.0)
(2.999,7.446) (8,-70.0) (8,-74.0) (3,-75.0) (3,-72.0) (9,-80.0) (9,-78.0) (1,-81.0) (1,-70.0) (5,-77.0) (5,-70.0)
(5.101,7.636) (4,-71.0) (4,-74.0) (5,-70.0) (5,-68.0) (8,-74.0) (8,-77.0) (9,-78.0) (9,-63.0) (1,-94.0) (1,-85.0)
(2.105,9.913) (9,-65.0) (9,-72.0) (4,-65.0) (4,-73.0) (2,-72.0) (2,-79.0) (1,-90.0) (1,-81.0) (8,-71.0) (8,-69.0)
(3.147,10.002) (4,-67.0) (4,-70.0) (2,-86.0) (2,-76.0) (9,-78.0) (9,-82.0) (1,-73.0) (1,-85.0) (8,-62.0) (8,-62.0)
(2.003,7.517) (4,-65.0) (4,-70.0) (3,-75.0) (3,-69.0) (8,-74.0) (8,-81.0) (1,-87.0) (1,-94.0) (2,-73.0) (2,-84.0)
(2.98,1.80) (1,-76.0) (8,-85.0)
(1.46,4.64) (1,-86.0) (8,-88.0)
(2.15,7.44) (1,-80.0) (8,-86.0)
(3.67,7.62) (1,-85.0) (8,-88.0)
(5.46,10.57) (1,-84.0) (8,-82.0)
(6.14,5.00) (1,-80.0) (8,-90.0)
(3.85,6.91) (1,-92.0) (8,-85.0)
(5.16,8.99) (1,-89.0) (8,-73.0)
(3.60,1.85) (1,-75.0) (8,-88.0)
(3.723,6.092) (4,-66.0) (4,-69.0) (4,-70.0) (1,-75.0) (1,-69.0) (1,-70.0) (3,-66.0) (3,-62.0) (3,-57.0) (8,-78.0) (8,-81.0) (8,-75.0) (5,-81.0) (5,-86.0) (5,-75.0)
(3.708,9.702) (4,-66.0) (4,-73.0) (1,-69.0) (1,-72.0) (3,-76.0) (3,-78.0) (8,-64.0) (8,-65.0) (5,-61.0) (5,-65.0)
(3.034,10.364) (4,-78.0) (4,-82.0) (4,-84.0) (1,-81.0) (1,-76.0) (1,-79.0) (3,-79.0) (3,-81.0) (3,-82.0) (8,-60.0) (8,-63.0) (8,-58.0) (5,-73.0) (5,-68.0) (5,-66.0)
(1.483,3.318) (4,-58.0) (4,-69.0) (4,-68.0) (1,-73.0) (1,-76.0) (1,-81.0) (3,-79.0) (3,-84.0) (3,-81.0) (8,-83.0) (8,-83.0) (8,-84.0) (5,-79.0) (5,-82.0) (5,-83.0)
(0.121,4.305) (4,-68.0) (4,-69.0) (4,-69.0) (1,-82.0) (1,-85.0) (1,-79.0) (3,-75.0) (3,-74.0) (3,-79.0) (8,-76.0) (8,-78.0) (8,-81.0) (5,-75.0) (5,-75.0) (5,-82.0)
(0.030,0.028) (4,-71.0) (4,-69.0) (4,-68.0) (5,-83.0) (5,-86.0) (5,-77.0) (3,-85.0) (3,-77.0) (3,-75.0) (1,-70.0) (1,-71.0) (1,-6.0) (2,-73.0) (2,-69.0) (2,-62.0) (8,-87.0) (8,-91.0) (8,-88.0)
(4.958,6.4109) (4,-71.0) (4,-70.0) (4,-80.0) (5,-67.0) (5,-64.0) (5,-90.0) (3,-58.0) (3,-59.0) (3,-67.0) (1,-76.0) (1,-77.0) (1,-81.0) (2,-67.0) (2,-64.0) (2,-79.0) (8,-74.0) (8,-76.0) (8,-83.0)
(2.366,11.207) (4,-77.0) (4,-79.0) (4,-67.0) (5,-66.0) (5,-68.0) (5,-69.0) (3,-71.0) (3,-86.0) (3,-86.0) (1,-74.0) (1,-74.0) (1,-88.0) (2,-76.0) (2,-68.0) (2,-79.0) (8,-52.0) (8,-62.0) (8,-61.0)
(0.582,7.362) (4,-62.0) (4,-69.0) (4,-66.0) (5,-70.0) (5,-71.0) (5,-72.0) (3,-77.0) (3,-87.0) (3,-71.0) (1,-69.0) (1,-70.0) (1,-67.0) (2,-70.0) (2,-81.0) (2,-74.0) (8,-86.0) (8,-83.0) (8,-80.0)
(2.031,1.519) (1,-73.0) (1,-68.0) (1,-76.0) (1,-68.0) (1,-63.0) (1,-74.0) (1,-75.0) (2,-52.0) (2,-54.0) (2,-55.0) (2,-65.0) (2,-59.0) (2,-63.0) (2,-67.0) (3,-74.0) (3,-73.0) (3,-74.0) (3,-69.0) (3,-72.0) (3,-72.0) (3,-75.0) (4,-74.0) (4,-71.0) (4,-73.0) (4,-75.0) (4,-75.0) (4,-77.0) (4,-86.0) (5,-82.0) (5,-81.0) (5,-79.0) (5,-81.0) (5,-81.0) (5,-78.0) (5,-74.0) (8,-85.0) (8,-74.0) (8,-77.0) (8,-74.0) (8,-74.0) (8,-73.0) (8,-74.0) (9,-73.0) (9,-85.0) (9,-84.0) (9,-75.0) (9,-76.0) (9,-78.0) (9,-84.0)
(3.621,1.706) (1,-70.0) (1,-61.0) (1,-61.0) (1,-61.0) (1,-65.0) (1,-60.0) (1,-62.0) (2,-54.0) (2,-66.0) (2,-66.0) (2,-68.0) (2,-67.0) (2,-59.0) (2,-63.0) (3,-78.0) (3,-79.0) (3,-73.0) (3,-69.0) (3,-71.0) (3,-73.0) (3,-69.0) (4,-68.0) (4,-68.0) (4,-65.0) (4,-64.0) (4,-79.0) (4,-64.0) (4,-79.0) (5,-83.0) (5,-79.0) (5,-83.0) (5,-84.0) (5,-73.0) (5,-86.0) (5,-82.0) (8,-79.0) (8,-75.0) (8,-79.0) (8,-85.0) (8,-77.0) (8,-81.0) (8,-75.0) (9,-77.0) (9,-79.0) (9,-82.0) (9,-86.0) (9,-80.0) (9,-85.0) (9,-77.0)
(5.464,4.105) (1,-69.0) (1,-65.0) (1,-73.0) (1,-71.0) (1,-74.0) (1,-69.0) (1,-71.0) (2,-65.0) (2,-67.0) (2,-62.0) (2,-75.0) (2,-83.0) (2,-66.0) (2,-63.0) (3,-56.0) (3,-71.0) (3,-63.0) (3,-61.0) (3,-59.0) (3,-72.0) (3,-76.0) (4,-66.0) (4,-67.0) (4,-71.0) (4,-74.0) (4,-73.0) (4,-73.0) (4,-67.0) (5,-80.0) (5,-79.0) (5,-75.0) (5,-77.0) (5,-73.0) (5,-65.0) (5,-67.0) (8,-77.0) (8,-80.0) (8,-79.0) (8,-76.0) (8,-78.0) (8,-82.0) (8,-74.0) (9,-81.0) (9,-81.0) (9,-75.0) (9,-70.0) (9,-71.0) (9,-88.0) (9,-75.0)
(3.958,3.890) (1,-67.0) (1,-75.0) (1,-72.0) (1,-69.0) (1,-74.0) (1,-81.0) (1,-80.0) (2,-69.0) (2,-61.0) (2,-63.0) (2,-68.0) (2,-77.0) (2,-65.0) (2,-74.0) (3,-71.0) (3,-65.0) (3,-68.0) (3,-59.0) (3,-54.0) (3,-59.0) (3,-61.0) (4,-68.0) (4,-66.0) (4,-60.0) (4,-67.0) (4,-79.0) (4,-66.0) (4,-71.0) (5,-82.0) (5,-84.0) (5,-74.0) (5,-83.0) (5,-79.0) (5,-71.0) (5,-69.0) (8,-81.0) (8,-75.0) (8,-82.0) (8,-79.0) (8,-86.0) (8,-80.0) (8,-75.0) (9,-77.0) (9,-83.0) (9,-85.0) (9,-70.0) (9,-69.0) (9,-69.0) (9,-73.0)
(2.091,5.955) (1,-75.0) (1,-65.0) (1,-70.0) (1,-76.0) (1,-74.0) (1,-72.0) (1,-76.0) (1,-83.0) (2,-70.0) (2,-70.0) (2,-65.0) (2,-73.0) (2,-73.0) (2,-74.0) (2,-72.0) (2,-74.0) (3,-75.0) (3,-76.0) (3,-75.0) (3,-66.0) (3,-61.0) (3,-74.0) (3,-71.0) (3,-72.0) (4,-66.0) (4,-79.0) (4,-67.0) (4,-69.0) (4,-74.0) (4,-67.0) (4,-70.0) (4,-69.0) (5,-71.0) (5,-72.0) (5,-70.0) (5,-65.0) (5,-69.0) (5,-70.0) (5,-74.0) (5,-72.0) (8,-75.0) (8,-78.0) (8,-72.0) (8,-85.0) (8,-69.0) (8,-75.0) (8,-70.0) (8,-77.0) (9,-89.0) (9,-89.0) (9,-87.0) (9,-70.0) (9,-69.0) (9,-74.0) (9,-76.0) (9,-75.0)
(2.637,7.308) (1,-67.0) (1,-74.0) (1,-77.0) (1,-74.0) (1,-79.0) (1,-80.0) (1,-82.0) (2,-80.0) (2,-72.0) (2,-72.0) (2,-72.0) (2,-67.0) (2,-76.0) (2,-77.0) (3,-60.0) (3,-63.0) (3,-64.0) (3,-67.0) (3,-65.0) (3,-78.0) (3,-70.0) (4,-68.0) (4,-64.0) (4,-63.0) (4,-68.0) (4,-72.0) (4,-76.0) (4,-78.0) (5,-78.0) (5,-82.0) (5,-80.0) (5,-87.0) (5,-71.0) (5,-76.0) (5,-76.0) (8,-74.0) (8,-84.0) (8,-68.0) (8,-85.0) (8,-73.0) (8,-78.0) (8,-67.0) (9,-80.0) (9,-78.0) (9,-78.0) (9,-81.0) (9,-69.0) (9,-83.0) (9,-84.0)
(5.384,6.162) (1,-73.0) (1,-73.0) (1,-71.0) (1,-73.0) (1,-77.0) (1,-85.0) (1,-72.0) (2,-76.0) (2,-75.0) (2,-71.0) (2,-75.0) (2,-77.0) (2,-66.0) (2,-81.0) (3,-62.0) (3,-61.0) (3,-65.0) (3,-74.0) (3,-66.0) (3,-65.0) (3,-71.0) (4,-70.0) (4,-74.0) (4,-66.0) (4,-84.0) (4,-78.0) (4,-70.0) (4,-71.0) (5,-68.0) (5,-83.0) (5,-73.0) (5,-63.0) (5,-66.0) (5,-68.0) (5,-72.0) (8,-77.0) (8,-80.0) (8,-76.0) (8,-84.0) (8,-83.0) (8,-67.0) (8,-70.0) (9,-67.0) (9,-68.0) (9,-74.0) (9,-77.0) (9,-67.0) (9,-78.0) (9,-67.0)
(4.123,8.851) (1,-69.0) (1,-74.0) (1,-80.0) (1,-74.0) (1,-82.0) (1,-85.0) (1,-84.0) (2,-73.0) (2,-73.0) (2,-74.0) (2,-76.0) (2,-78.0) (2,-76.0) (2,-75.0) (3,-72.0) (3,-72.0) (3,-75.0) (3,-70.0) (3,-72.0) (3,-75.0) (3,-79.0) (4,-66.0) (4,-67.0) (4,-69.0) (4,-75.0) (4,-72.0) (4,-79.0) (4,-80.0) (5,-58.0) (5,-58.0) (5,-59.0) (5,-62.0) (5,-62.0) (5,-61.0) (5,-58.0) (8,-69.0) (8,-75.0) (8,-71.0) (8,-65.0) (8,-65.0) (8,-61.0) (8,-66.0) (9,-77.0) (9,-77.0) (9,-77.0) (9,-73.0) (9,-76.0) (9,-83.0) (9,-80.0)
(2.873,9.600) (1,-71.0) (1,-72.0) (1,-75.0) (1,-75.0) (1,-81.0) (1,-90.0) (1,-79.0) (2,-77.0) (2,-78.0) (2,-71.0) (2,-76.0) (2,-77.0) (2,-76.0) (2,-75.0) (3,-72.0) (3,-75.0) (3,-74.0) (3,-77.0) (3,-74.0) (3,-74.0) (3,-86.0) (4,-70.0) (4,-72.0) (4,-67.0) (4,-75.0) (4,-70.0) (4,-74.0) (4,-79.0) (5,-59.0) (5,-59.0) (5,-68.0) (5,-69.0) (5,-62.0) (5,-71.0) (5,-79.0) (8,-67.0) (8,-65.0) (8,-72.0) (8,-58.0) (8,-65.0) (8,-56.0) (8,-61.0) (9,-75.0) (9,-83.0) (9,-80.0) (9,-89.0) (9,-74.0) (9,-86.0) (9,-79.0)
